2026/05/02 23:59:30.000  -2592815.5551   4485618.4576   3707424.1773   6  13   0.0191   0.0325   0.0122  -0.0216   0.0291  -0.0209   0.00    0.0
2026/05/02 23:59:31.000  -2592815.5479   4485618.4482   3707424.1698   6  13   0.0209   0.0243   0.0112  -0.0137   0.0122  -0.0106   0.00    0.0
2026/05/02 23:59:32.000  -2592815.5576   4485618.4535   3707424.1743   6  13   0.0204   0.0099   0.0243  -0.0083  -0.0144   0.0063   0.00    0.0
2026/05/02 23:59:33.000  -2592815.5546   4485618.4568   3707424.1772   6  13   0.0201   0.0262   0.0208  -0.0237   0.0218  -0.0237   0.00    0.0
2026/05/02 23:59:34.000  -2592815.5560   4485618.4546   3707424.1738   6  13   0.0215   0.0093   0.0000  -0.0089  -0.0116  -0.0053   0.00    0.0
2026/05/02 23:59:35.000  -2592815.5528   4485618.4517   3707424.1732   6  13   0.0192   0.0217   0.0265  -0.0172   0.0143  -0.0145   0.00    0.0
2026/05/02 23:59:36.000  -2592815.5512   4485618.4518   3707424.1719   6  13   0.0221   0.0245   0.0193  -0.0167   0.0224  -0.0166   0.00    0.0
2026/05/02 23:59:37.000  -2592815.5566   4485618.4441   3707424.1649   6  13   0.0209   0.0408   0.0285  -0.0088   0.0400   0.0043   0.00    0.0
2026/05/02 23:59:38.000  -2592815.5605   4485618.4492   3707424.1704   6  13   0.0215   0.0000   0.0171   0.0062  -0.0252   0.0108   0.00    0.0
2026/05/02 23:59:39.000  -2592815.5534   4485618.4410   3707424.1690   6  13   0.0217   0.0000   0.0086   0.0105  -0.0232   0.0148   0.00    0.0
2026/05/02 23:59:40.000  -2592815.5591   4485618.4465   3707424.1702   6  13   0.0202   0.0413   0.0358  -0.0180   0.0390  -0.0161   0.00    0.0
2026/05/02 23:59:41.000  -2592815.5535   4485618.4469   3707424.1737   6  13   0.0184   0.0205   0.0154  -0.0213   0.0083  -0.0199   0.00    0.0
2026/05/02 23:59:42.000  -2592815.5579   4485618.4475   3707424.1688   6  13   0.0213   0.0240   0.0255  -0.0080   0.0191   0.0033   0.00    0.0
2026/05/02 23:59:43.000  -2592815.5536   4485618.4430   3707424.1639   6  13   0.0198   0.0000   0.0115  -0.0160  -0.0274  -0.0120   0.00    0.0
2026/05/02 23:59:44.000  -2592815.5540   4485618.4455   3707424.1675   6  13   0.0216   0.0274   0.0233  -0.0130   0.0217  -0.0104   0.00    0.0
2026/05/02 23:59:45.000  -2592815.5566   4485618.4415   3707424.1609   6  13   0.0219   0.0148   0.0053  -0.0219  -0.0117  -0.0215   0.00    0.0
2026/05/02 23:59:46.000  -2592815.5532   4485618.4413   3707424.1627   6  13   0.0188   0.0306   0.0351  -0.0172   0.0268  -0.0132   0.00    0.0
2026/05/02 23:59:47.000  -2592815.5550   4485618.4422   3707424.1675   6  13   0.0197   0.0229   0.0199  -0.0166   0.0136  -0.0148   0.00    0.0
2026/05/02 23:59:48.000  -2592815.5578   4485618.4401   3707424.1644   6  13   0.0204   0.0189   0.0000  -0.0081  -0.0025   0.0072   0.00    0.0
2026/05/02 23:59:49.000  -2592815.5580   4485618.4463   3707424.1699   6  13   0.0162   0.0125   0.0108  -0.0103  -0.0192   0.0110   0.00    0.0
2026/05/02 23:59:50.000  -2592815.5533   4485618.4375   3707424.1603   6  13   0.0205   0.0240   0.0185  -0.0196   0.0182  -0.0186   0.00    0.0
2026/05/02 23:59:51.000  -2592815.5491   4485618.4344   3707424.1590   6  13   0.0222   0.0291   0.0158  -0.0101   0.0267  -0.0070   0.00    0.0
2026/05/02 23:59:52.000  -2592815.5550   4485618.4423   3707424.1649   6  13   0.0215   0.0000   0.0182  -0.0046  -0.0182   0.0075   0.00    0.0
2026/05/02 23:59:53.000  -2592815.5466   4485618.4331   3707424.1586   6  13   0.0179   0.0327   0.0245  -0.0226   0.0289  -0.0211   0.00    0.0
2026/05/02 23:59:54.000  -2592815.5506   4485618.4351   3707424.1625   6  13   0.0190   0.0179   0.0077  -0.0147  -0.0069  -0.0090   0.00    0.0
2026/05/02 23:59:55.000  -2592815.5548   4485618.4400   3707424.1628   6  13   0.0195   0.0330   0.0273  -0.0161   0.0303  -0.0131   0.00    0.0
2026/05/02 23:59:56.000  -2592815.5507   4485618.4423   3707424.1656   6  13   0.0199   0.0344   0.0209  -0.0263   0.0301  -0.0261   0.00    0.0
2026/05/02 23:59:57.000  -2592815.5487   4485618.4343   3707424.1569   6  13   0.0198   0.0037   0.0145  -0.0065  -0.0177   0.0092   0.00    0.0
2026/05/02 23:59:58.000  -2592815.5484   4485618.4410   3707424.1635   6  13   0.0196   0.0121   0.0161  -0.0172  -0.0101  -0.0140   0.00    0.0
2026/05/02 23:59:59.000  -2592815.5507   4485618.4433   3707424.1634   6  13   0.0200   0.0334   0.0308  -0.0063   0.0287   0.0099   0.00    0.0
2026/05/03 00:00:00.000  -2592815.5478   4485618.4412   3707424.1649   6  13   0.0194   0.0324   0.0226  -0.0177   0.0309  -0.0152   0.00    0.0
2026/05/03 00:00:01.000  -2592815.5528   4485618.4421   3707424.1655   6  13   0.0218   0.0156   0.0264  -0.0130   0.0076  -0.0118   0.00    0.0
2026/05/03 00:00:02.000  -2592815.5466   4485618.4419   3707424.1656   6  13   0.0207   0.0369   0.0353  -0.0209   0.0362  -0.0202   0.00    0.0
2026/05/03 00:00:03.000  -2592815.5490   4485618.4390   3707424.1593   6  13   0.0164   0.0314   0.0207  -0.0257   0.0247  -0.0237   0.00    0.0
2026/05/03 00:00:04.000  -2592815.5454   4485618.4379   3707424.1609   6  13   0.0200   0.0372   0.0301  -0.0112   0.0318  -0.0048   0.00    0.0
2026/05/03 00:00:05.000  -2592815.5470   4485618.4420   3707424.1597   6  13   0.0195   0.0334   0.0320  -0.0274   0.0315  -0.0275   0.00    0.0
2026/05/03 00:00:06.000  -2592815.5459   4485618.4432   3707424.1613   6  13   0.0203   0.0345   0.0272  -0.0139   0.0316  -0.0106   0.00    0.0
2026/05/03 00:00:07.000  -2592815.5517   4485618.4373   3707424.1584   6  13   0.0211   0.0277   0.0167   0.0085   0.0228   0.0139   0.00    0.0
2026/05/03 00:00:08.000  -2592815.5518   4485618.4428   3707424.1610   6  13   0.0202   0.0284   0.0296  -0.0104   0.0212   0.0046   0.00    0.0
2026/05/03 00:00:09.000  -2592815.5446   4485618.4369   3707424.1539   6  13   0.0195   0.0459   0.0320  -0.0260   0.0448  -0.0255   0.00    0.0
2026/05/03 00:00:10.000  -2592815.5502   4485618.4401   3707424.1608   6  13   0.0167   0.0361   0.0337  -0.0274   0.0329  -0.0261   0.00    0.0
2026/05/03 00:00:11.000  -2592815.5505   4485618.4416   3707424.1613   6  13   0.0217   0.0285   0.0188  -0.0162   0.0224  -0.0154   0.00    0.0
2026/05/03 00:00:12.000  -2592815.5516   4485618.4425   3707424.1632   6  13   0.0191   0.0259   0.0093  -0.0169   0.0185  -0.0135   0.00    0.0
2026/05/03 00:00:13.000  -2592815.5470   4485618.4358   3707424.1584   6  13   0.0203   0.0188   0.0172  -0.0076   0.0078   0.0089   0.00    0.0
2026/05/03 00:00:14.000  -2592815.5483   4485618.4375   3707424.1577   6  13   0.0194   0.0217   0.0105  -0.0221   0.0125  -0.0211   0.00    0.0
2026/05/03 00:00:15.000  -2592815.5509   4485618.4402   3707424.1546   6  13   0.0192   0.0376   0.0212  -0.0172   0.0357  -0.0146   0.00    0.0
2026/05/03 00:00:16.000  -2592815.5511   4485618.4444   3707424.1595   6  13   0.0206   0.0227   0.0215  -0.0085   0.0140   0.0061   0.00    0.0
2026/05/03 00:00:17.000  -2592815.5479   4485618.4418   3707424.1573   6  13   0.0204   0.0197   0.0217  -0.0167   0.0120  -0.0149   0.00    0.0
2026/05/03 00:00:18.000  -2592815.5495   4485618.4432   3707424.1583   6  13   0.0193   0.0321   0.0207  -0.0173   0.0276  -0.0146   0.00    0.0
2026/05/03 00:00:19.000  -2592815.5533   4485618.4481   3707424.1581   6  13   0.0190   0.0051   0.0000  -0.0155  -0.0179  -0.0113   0.00    0.0
2026/05/03 00:00:20.000  -2592815.5457   4485618.4363   3707424.1530   6  13   0.0202   0.0160   0.0144  -0.0147   0.0049  -0.0109   0.00    0.0
2026/05/03 00:00:21.000  -2592815.5454   4485618.4365   3707424.1526   6  13   0.0223   0.0175   0.0165   0.0093   0.0081   0.0125   0.00    0.0
2026/05/03 00:00:22.000  -2592815.5478   4485618.4408   3707424.1578   6  13   0.0172   0.0182   0.0165  -0.0194  -0.0134  -0.0144   0.00    0.0
2026/05/03 00:00:23.000  -2592815.5434   4485618.4398   3707424.1536   6  13   0.0173   0.0313   0.0163  -0.0174   0.0258  -0.0130   0.00    0.0
2026/05/03 00:00:24.000  -2592815.5472   4485618.4414   3707424.1538   6  13   0.0194   0.0421   0.0306  -0.0226   0.0415  -0.0219   0.00    0.0
2026/05/03 00:00:25.000  -2592815.5488   4485618.4408   3707424.1562   6  13   0.0206   0.0145   0.0017  -0.0188  -0.0058  -0.0174   0.00    0.0
2026/05/03 00:00:26.000  -2592815.5429   4485618.4374   3707424.1599   6  13   0.0199   0.0403   0.0277  -0.0163   0.0397  -0.0145   0.00    0.0
2026/05/03 00:00:27.000  -2592815.5462   4485618.4381   3707424.1573   6  13   0.0207   0.0000   0.0190  -0.0156  -0.0199  -0.0132   0.00    0.0
2026/05/03 00:00:28.000  -2592815.5439   4485618.4341   3707424.1525   6  13   0.0206   0.0265   0.0197  -0.0194   0.0199  -0.0178   0.00    0.0
2026/05/03 00:00:29.000  -2592815.5451   4485618.4347   3707424.1529   6  13   0.0190   0.0154   0.0059  -0.0171  -0.0158  -0.0142   0.00    0.0
2026/05/03 00:00:30.000  -2592815.5440   4485618.4378   3707424.1569   6  13   0.0189   0.0478   0.0275  -0.0270   0.0476  -0.0264   0.00    0.0
2026/05/03 00:00:31.000  -2592815.5420   4485618.4338   3707424.1483   6  13   0.0205   0.0213   0.0146  -0.0101   0.0129   0.0022   0.00    0.0
2026/05/03 00:00:32.000  -2592815.5430   4485618.4345   3707424.1546   6  13   0.0192   0.0304   0.0176  -0.0180   0.0263  -0.0148   0.00    0.0
2026/05/03 00:00:33.000  -2592815.5431   4485618.4325   3707424.1492   6  13   0.0198   0.0079   0.0235   0.0086  -0.0176   0.0149   0.00    0.0
